1.0, 0.11904224503889836, 0.14860838625527115, 0.22736049354550122, 0.30629021720149396, 0.19869865795883526
2.0, 0.14103539933068526, 0.16158418480085576, 0.2041446155582244, 0.31080763806364126, 0.18242816224659333
3.0, 0.11672798792460871, 0.14194440900251354, 0.21960513720352434, 0.3199578685722837, 0.20176459729706975
4.0, 0.15928020453999414, 0.18931824848137815, 0.18623504268178043, 0.2568796888306878, 0.2082868154661596
5.0, 0.11404194159227515, 0.16411442414856794, 0.23373745795108952, 0.2933257303850055, 0.19478044592306182
6.0, 0.1222557480958321, 0.15231970068206865, 0.24709130624477219, 0.27619207571167037, 0.20214116926565673
7.0, 0.1118415998103742, 0.17232726273658028, 0.23840289898354014, 0.26695062885456095, 0.2104776096149444
8.0, 0.10242716640717196, 0.14414688329728909, 0.24596789557544763, 0.3298511924830008, 0.1776068622370905
9.0, 0.06849114928537607, 0.15184016548755377, 0.2813388732994956, 0.28472013314255123, 0.21360967878502327
10.0, 0.061117116176897156, 0.18824664383010134, 0.2479964118064313, 0.3054423148884529, 0.19719751329811722
11.0, 0.09444148831135095, 0.15920746771797203, 0.2636157915623535, 0.28487657437620456, 0.19785867803211887
12.0, 0.07469836614013683, 0.16492840113716123, 0.24663288892960764, 0.29124691023675675, 0.22249343355633758
13.0, 0.10959574834346442, 0.1662581171429261, 0.226392357112735, 0.28762338948569677, 0.21013038791517777
14.0, 0.09744062928403388, 0.14738022704537837, 0.22150673823003958, 0.32385930719050765, 0.2098130982500404
15.0, 0.10768623800954961, 0.16469626841904828, 0.22596396318244202, 0.2993073284434725, 0.20234620194548758
16.0, 0.10257799874917245, 0.19139751364082838, 0.23203901838573973, 0.29172435595139046, 0.18226111327286895
17.0, 0.11006989624974198, 0.1614311863350673, 0.24167598512755542, 0.29292344752825805, 0.1938994847593773
18.0, 0.09429162782114638, 0.19149709143282026, 0.2614136144982856, 0.2729845012380883, 0.17981316500965933
19.0, 0.09344564684001969, 0.17299157357193998, 0.22539154391939584, 0.3022819126068728, 0.2058893230617717
20.0, 0.13903662523387192, 0.15821139551511815, 0.20835043045135446, 0.3038708811394894, 0.19053066766016613
21.0, 0.09527086939122675, 0.1662869805613492, 0.2309087757201391, 0.3026717914914795, 0.20486158283580552
22.0, 0.11022632601473355, 0.16696853784023552, 0.23387044497530415, 0.29343504614044963, 0.19549964502927716
23.0, 0.124073518133914, 0.18160446627033117, 0.20702235385556242, 0.3135722228323002, 0.17372743890789216
24.0, 0.08777556796818635, 0.15789937020099462, 0.22715681876287772, 0.3263654577752386, 0.2008027852927027
25.0, 0.10585550060261972, 0.17155377071248512, 0.20815393743420318, 0.3129690744716784, 0.2014677167790136
26.0, 0.12073453539051388, 0.16958853582196692, 0.21824291844821703, 0.29803586188074815, 0.19339814845855408
27.0, 0.08494294772773188, 0.14157506385176433, 0.2563845653728557, 0.30057836332551974, 0.21651905972212834
28.0, 0.10994368627987092, 0.17221829214497716, 0.24879732958693196, 0.27275006582868383, 0.1962906261595361
29.0, 0.09139707600866931, 0.1704537806542986, 0.26439718115126626, 0.2995887440187511, 0.17416321816701485
30.0, 0.09994261056312655, 0.16298869743306646, 0.21517347030245962, 0.2976133258126226, 0.22428189588872485
31.0, 0.09333612438494786, 0.17581795596184094, 0.23525014301656585, 0.3010492622100695, 0.19454651442657575
32.0, 0.12051637187558872, 0.15067890607127138, 0.23689470699696402, 0.30214508672318946, 0.18976492833298647
33.0, 0.1428723403294205, 0.15939798930917257, 0.1889394599739494, 0.3045181365525948, 0.20427207383486268
34.0, 0.09270860983340885, 0.1463689685969553, 0.2445129854135903, 0.29695584474151177, 0.2194535914145338
35.0, 0.11026418520454753, 0.14188591189301275, 0.2369512533555816, 0.30347177770036615, 0.20742687184649208
36.0, 0.09029962729025867, 0.1585229021714177, 0.2738857175988606, 0.2979067000854424, 0.17938505285402054
37.0, 0.17203158037851726, 0.15457843408944932, 0.16482545729364095, 0.3115003128235853, 0.1970642154148071
38.0, 0.08311054071680564, 0.16134836788226317, 0.22229594927700247, 0.3321878392069609, 0.20105730291696786
39.0, 0.09977209220203116, 0.16296865091121154, 0.2344872880828467, 0.30025606278229633, 0.20251590602161432
40.0, 0.10124046226553253, 0.16482447045765247, 0.233075696711364, 0.30427426306435806, 0.19658510750109287
41.0, 0.10747296510038165, 0.14645206006920794, 0.24255078630521995, 0.3027169267158847, 0.20080726180930578
42.0, 0.12189430257702023, 0.16904720117633834, 0.22168754312446678, 0.29344912442195886, 0.1939218287002158
43.0, 0.08786629233825755, 0.17324915924177903, 0.23027494460263712, 0.2908855660309897, 0.21772403778633662
44.0, 0.12498672207118568, 0.14751618523702867, 0.241838861255127, 0.30204123088728707, 0.18361700054937158
45.0, 0.06158231606789977, 0.18148042667351508, 0.22889697367058354, 0.28862297512135954, 0.23941730846664203
46.0, 0.07257389661225046, 0.1767178434092889, 0.22278498360984308, 0.31715368421549095, 0.21076959215312666
47.0, 0.09819321885173923, 0.18708335075654023, 0.2322450042532921, 0.2920037700409044, 0.19047465609752412
48.0, 0.10430966341186469, 0.1673025408991502, 0.23473521086460347, 0.29264713847961227, 0.20100544634476933
49.0, 0.11879189421408196, 0.15478204682246588, 0.23100142631932266, 0.2942862043891856, 0.2011384282549438
50.0, 0.0825484706118597, 0.16369389509955926, 0.2548570210626026, 0.3020241316940491, 0.1968764815319293
51.0, 0.088496516143198, 0.16528479696106083, 0.23430024785373224, 0.3155722576581359, 0.19634618138387297
52.0, 0.1121398920582569, 0.1637837927606123, 0.2202122527977906, 0.3031918967308559, 0.20067216565248436
53.0, 0.09197273493063947, 0.15507747858101012, 0.2268271731674911, 0.31237152619186664, 0.21375108712899268
54.0, 0.0853470464681222, 0.1749032649697135, 0.2194548622955883, 0.31059485236036516, 0.20969997390621092
55.0, 0.10151035453638618, 0.16324723070801958, 0.23541810425419102, 0.2997946820806414, 0.20002962842076186
56.0, 0.09697628354433917, 0.16870048539368426, 0.23588251047674405, 0.30362923819462184, 0.19481148239061066
57.0, 0.10076595691662461, 0.16842231959093706, 0.221489453899405, 0.3039976773738349, 0.20532459221919852
58.0, 0.0808120784209323, 0.18585185929359932, 0.250803108006313, 0.31856101969129696, 0.16397193458785833
59.0, 0.08821300118943731, 0.15370256365125984, 0.23893893672551486, 0.3171707368530614, 0.20197476158072658
60.0, 0.12214006829629198, 0.17322794703213595, 0.22110542958402898, 0.28290235204709635, 0.20062420304044667
61.0, 0.09152768350202167, 0.169531343593259, 0.23588935703324193, 0.30531952300499626, 0.1977320928664811
62.0, 0.14491071924752622, 0.14620693373157234, 0.21590218985721413, 0.2967031651759082, 0.19627699198777906
63.0, 0.12611304115225525, 0.15587623020137034, 0.21884081149300963, 0.2960372288257597, 0.20313268832760523
64.0, 0.08937096130118115, 0.15636016906407071, 0.2421890599848191, 0.3030871733216951, 0.20899263632823398
65.0, 0.10373202698313463, 0.17383817756360118, 0.22331131511981114, 0.28997932847140756, 0.2091391518620454
66.0, 0.10134747918570464, 0.17673793967705198, 0.23389761037912532, 0.30029818967810845, 0.1877187810800096
67.0, 0.08657178782508522, 0.1690377268929967, 0.2420196811712711, 0.28932434131450224, 0.2130464627961447
68.0, 0.10971350276673038, 0.13834984026221778, 0.24757857751608456, 0.2824894827638584, 0.2218685966911088
69.0, 0.11257690108219996, 0.16480501930982655, 0.23100504723120374, 0.2907362139098597, 0.20087681846690997
70.0, 0.1356154500927406, 0.17723109903635267, 0.23166874419598052, 0.2765650200896488, 0.1789196865852774
71.0, 0.09979629446476429, 0.1770698884859104, 0.22480495125890543, 0.30108603381904947, 0.19724283197137032
72.0, 0.07660712693792318, 0.18277155350977037, 0.22453190688872302, 0.29954773098612913, 0.2165416816774543
73.0, 0.11248980034975634, 0.16127727279569862, 0.2128188697836602, 0.31208393363476755, 0.20133012343611728
74.0, 0.11109896377401125, 0.16764151087691972, 0.20341850707187054, 0.300324857629598, 0.21751616064760054
75.0, 0.08749100629977669, 0.17299846557488657, 0.24380463865206545, 0.2904418221405338, 0.2052640673327374
76.0, 0.07564022455985624, 0.17582248815049425, 0.23526136142369233, 0.31266011692515094, 0.2006158089408063
77.0, 0.09955634364392134, 0.1787781565495771, 0.2286905183113215, 0.300041188570228, 0.19293379292495214
78.0, 0.09836917564742333, 0.162051621965927, 0.23483301134412163, 0.30556227893676835, 0.19918391210575973
79.0, 0.09658853010641011, 0.1705638075535276, 0.2473526151506875, 0.2908183149497916, 0.19467673223958323
80.0, 0.1172942964896892, 0.16272020737251117, 0.23001194692514812, 0.28837402888027797, 0.20159952033237355
81.0, 0.08394555340154171, 0.17378194564057867, 0.24120437735474076, 0.3167569264773476, 0.18431119712579136
82.0, 0.07297010535341453, 0.16659663177374415, 0.24686081845490587, 0.3041785304804698, 0.20939391393746568
83.0, 0.11918400894717603, 0.15229419701963587, 0.2228148645274635, 0.30278563538681125, 0.20292129411891338
84.0, 0.10878426294543946, 0.1501412553160334, 0.24393108280657855, 0.3049963169012204, 0.19214708203072808
85.0, 0.09602322130966019, 0.1644487772979986, 0.23070038298873474, 0.31012271995681195, 0.19870489844679456
86.0, 0.12061502025488381, 0.1847915279119352, 0.2294552569606753, 0.26408453159316175, 0.20105366327934396
87.0, 0.07835075842788909, 0.17339116938207552, 0.22300278504278212, 0.33091147996901954, 0.19434380717823374
88.0, 0.08167857041439407, 0.17205035805406796, 0.21842062725512246, 0.3170530492288841, 0.21079739504753142
89.0, 0.15360676625982203, 0.1479120082276404, 0.2199614826046142, 0.30047374745628014, 0.17804599545164315
90.0, 0.10152075680139769, 0.14685623702320139, 0.23993531792341574, 0.29070587120707586, 0.2209818170449093
91.0, 0.10619856245995261, 0.1392104892425555, 0.26318484665215375, 0.3214191649435613, 0.1699869367017767
92.0, 0.12625490588626803, 0.14598488365549556, 0.21745168213840335, 0.3257978906166519, 0.18451063770318132
93.0, 0.10446280668659205, 0.16241921583706065, 0.23699497688739507, 0.3011686463183944, 0.19495435427055785
94.0, 0.15346172412543876, 0.157689273299432, 0.21059480730220598, 0.2939082586015947, 0.18434593667132865
95.0, 0.10245209952983488, 0.14975464162999488, 0.2174840078019442, 0.3428864883504225, 0.18742276268780353
96.0, 0.11468045110490871, 0.1516523889304012, 0.23620859218871185, 0.3009452566584111, 0.19651331111756717
97.0, 0.13467037571884458, 0.16268649970377955, 0.23181767996152242, 0.2910517776167964, 0.1797736669990571
98.0, 0.10150032727526535, 0.140100246800319, 0.2693736216106251, 0.2871559626335079, 0.20186984168028269
99.0, 0.11125574428678645, 0.16054945311380142, 0.2254320671044258, 0.3017182261736041, 0.20104450932138226
100.0, 0.08718182070691145, 0.16467947556564339, 0.2437469677720346, 0.2866865890027294, 0.2177051469526811
101.0, 0.1272559992106617, 0.13250996489659012, 0.2213387783142438, 0.3286184095554426, 0.19027684802306177
102.0, 0.11621429033221715, 0.16577555063992996, 0.2330607753738824, 0.2793791707477759, 0.2055702129061947
103.0, 0.11695559566835702, 0.14526154348272144, 0.23244210988381106, 0.30971518346280624, 0.19562556750230406
104.0, 0.10039427482973254, 0.1904716763177077, 0.2095892001609989, 0.29288888704119553, 0.20665596165036523
105.0, 0.10073661568639716, 0.1700389570914472, 0.23239360198944894, 0.2976646097150085, 0.19916621551769814
106.0, 0.11126889044145279, 0.16342843742334665, 0.21526071653502463, 0.3025197153234458, 0.20752224027673016
107.0, 0.1364787052503017, 0.16106046638663576, 0.21640672497377642, 0.28207705274240635, 0.20397705064687985
108.0, 0.09646139169549264, 0.14628911954216275, 0.25797407610090073, 0.3080825304064736, 0.19119288225497022
109.0, 0.09653486110199581, 0.1753311465828027, 0.2445779924042459, 0.29831041647301776, 0.18524558343793787
110.0, 0.08008064874904429, 0.16169604672632842, 0.27318723373094544, 0.2823217906220565, 0.20271428017162538
111.0, 0.12143869494129547, 0.16077969107858625, 0.22380910860865608, 0.2967372452500851, 0.19723526012137704
112.0, 0.0996083183380795, 0.16485218740093147, 0.2349658224407969, 0.3007888659823368, 0.19978480583785546
113.0, 0.11549721605301358, 0.15872307827227816, 0.2300392927889033, 0.29841355053840957, 0.19732686234739535
114.0, 0.19598909089012365, 0.17934958151219807, 0.21098184631356387, 0.24649201993985184, 0.1671874613442627
115.0, 0.11065300307446058, 0.16782533061487317, 0.2300527838288035, 0.29446168053448435, 0.19700720194737845
116.0, 0.09208998101466345, 0.1798931233040418, 0.2283008194759679, 0.3011962624978662, 0.19851981370746064
117.0, 0.0687196819332809, 0.1666017945229369, 0.2492751694692081, 0.3121285438448258, 0.20327481022974841
118.0, 0.11484366113678462, 0.1574565293965069, 0.22638119269942486, 0.2985307445903781, 0.2027878721769055
119.0, 0.11292309891008959, 0.15904391898137957, 0.23111134663980853, 0.2997399080593379, 0.19718172740938453
120.0, 0.11281882891632619, 0.17316927859526887, 0.226397968222012, 0.28816468926091016, 0.1994492350054828
121.0, 0.09204836265126816, 0.15723487171322134, 0.2492058190057931, 0.30796220772995797, 0.19354873889975938
122.0, 0.12039753405723441, 0.15637329927049462, 0.21905459649043982, 0.30671599730851645, 0.19745857287331461
123.0, 0.08286572245480943, 0.17538716323075249, 0.24080337998658313, 0.3065325237173531, 0.1944112106105019
124.0, 0.10811777243855272, 0.16806079753037043, 0.22437708941167597, 0.30387881639279385, 0.19556552422660708
125.0, 0.10167627139655325, 0.16890298739502588, 0.23071770719429086, 0.3030605600536337, 0.19564247396049642
126.0, 0.09695109807327104, 0.18188981646825178, 0.22828152986178069, 0.2931755691854211, 0.19970198641127546
127.0, 0.12553052520321, 0.16164219878282576, 0.22756454749670338, 0.3000893973824416, 0.18517333113481932
128.0, 0.07670168603153092, 0.1684936984630143, 0.22989428420623614, 0.3172862098996873, 0.20762412139953138
129.0, 0.12529918550194843, 0.17228313725376432, 0.22621211007227673, 0.28854225788306126, 0.1876633092889493
130.0, 0.11608795012415368, 0.1464155671347977, 0.23270554941447025, 0.30129072166763454, 0.203500211658944
131.0, 0.12871481095888743, 0.15133458772261915, 0.22594569922141713, 0.29794292848686704, 0.19606197361020922
132.0, 0.15214332134489633, 0.1487040647753765, 0.20586409942862388, 0.29355509263802054, 0.19973342181308285
133.0, 0.09628880867266575, 0.14153088060420543, 0.22613102939381213, 0.32265955928124246, 0.2133897220480743
134.0, 0.11600759437924266, 0.1453809323241014, 0.21586406403523825, 0.31564482502838476, 0.20710258423303293
135.0, 0.10525153979831019, 0.16194321635775308, 0.25598053321943454, 0.2901641657809765, 0.18666054484352573
136.0, 0.0804742676001763, 0.14348181804731905, 0.23468123391868909, 0.3284066969298288, 0.2129559835039866
137.0, 0.10316354506484683, 0.162269937503449, 0.2378740653292317, 0.3077232851159221, 0.18896916698655036
138.0, 0.20594849676463542, 0.13519886170228096, 0.23509618317128037, 0.24408164422173897, 0.17967481414006423
139.0, 0.09915213709887583, 0.17270185699164273, 0.22497355762979027, 0.31245460594771074, 0.1907178423319805
140.0, 0.07995418016666826, 0.1652680917699268, 0.24583942203735637, 0.2939403276552861, 0.2149979783707624
141.0, 0.10953127352409547, 0.16110688507370535, 0.24368714155259183, 0.29182473805054976, 0.19384996179905753
142.0, 0.14352100276999305, 0.16577902922128518, 0.21949901069864014, 0.2880337681235965, 0.1831671891864852
143.0, 0.1401843562222018, 0.16090928314356648, 0.23759919444662372, 0.26859911905945666, 0.19270804712815123
144.0, 0.10553292672526791, 0.1363963700375284, 0.2635274608234501, 0.3066476259813477, 0.18789561643240585
145.0, 0.10394694866282969, 0.16361911530334264, 0.20671423027073688, 0.3238681160509913, 0.20185158971209938
146.0, 0.1451133203470101, 0.16436793502620606, 0.22561328152950264, 0.2806457737067733, 0.18425968939050796
147.0, 0.1150250726921106, 0.14329512757896523, 0.22016298972691398, 0.3166843145571381, 0.2048324954448722
148.0, 0.0649290691214956, 0.16570994602273206, 0.23227437584992758, 0.3366373627868252, 0.2004492462190195
149.0, 0.11209656658562339, 0.17044295557214736, 0.24103962716699337, 0.2789925638672933, 0.19742828680794242
150.0, 0.10346236925479994, 0.16974610304998275, 0.23381255395248368, 0.2924617972768009, 0.2005171764659327
151.0, 0.12998528897566936, 0.1565804729341322, 0.22522195394476993, 0.29069842414095376, 0.19751386000447474
152.0, 0.12483843180813185, 0.1678408331900685, 0.25982926309849486, 0.28383343250028836, 0.16365803940301657
